# numStates:
8
# numObservations:
14
# defaultProbability:
1.4954941075094054E-129
# Quantizer: Radius
1.0039285714285715
# Quantizer: MAP
1.892500000000001, -1.8566666666666665, -0.3430208333333335
1.538066914498141, -1.885650557620818, 1.664832713754646
0.36022222222222233, -0.8064444444444446, 1.9273333333333331
-0.5230270270270275, -1.6607567567567567, 1.997675675675676
-1.0039285714285715, 0.0, 0.0
-0.7098847006840663, 0.0, -0.7098847006840661
0.0, 0.0, -1.0039285714285715
1.8491570881226056, -1.1416091954022995, -1.8716475095785439
-0.1669767441860466, 0.4514534883720927, 1.0551162790697677
-0.7362096774193547, -0.3020967741935484, 1.9191129032258067
0.5910188679245286, -1.860339622641509, 1.9709056603773583
1.7222950819672134, -1.9288852459016392, 0.6667868852459011
1.9064015151515157, -1.831287878787879, -1.3847727272727273
0.0, 0.709884700684066, -0.7098847006840663
# HMM: PI
1.0, 0.0, 0.0, 0.0, 0.0, 0.0, 0.0, 0.0
# HMM: A
0.33333333333333337, 0.33333333333333337, 0.33333333333333337, 0.0, 0.0, 0.0, 0.0, 0.0
0.0, 0.3333333333333333, 0.3333333333333333, 0.33333333333333337, 0.0, 0.0, 0.0, 0.0
0.0, 0.0, 0.3333333333333333, 0.3333333333333333, 0.3333333333333333, 0.0, 0.0, 0.0
0.0, 0.0, 0.0, 0.3333333333333332, 0.33333333333333326, 0.33333333333333326, 0.0, 0.0
0.0, 0.0, 0.0, 0.0, 0.33333333333333337, 0.33333333333333337, 0.33333333333333337, 0.0
0.0, 0.0, 0.0, 0.0, 0.0, 0.3333333333333334, 0.3333333333333334, 0.3333333333333334
0.0, 0.0, 0.0, 0.0, 0.0, 0.0, 0.5, 0.5
0.0, 0.0, 0.0, 0.0, 0.0, 0.0, 0.0, 1.0
# HMM: B
4.0707766494376894E-7, 1.7376469474692958E-5, 1.5241579027620202E-4, 0.0010354596545822453, 2.9898708003630134E-81, 0.0, 0.0, 2.018489140633207E-8, 0.954928473446992, 0.043615109001484104, 2.467684224420436E-4, 3.939618138419071E-6, 3.033405397671532E-8, 0.0
1.043677545435431E-5, 3.271130556666498E-4, 0.0018725368519807804, 0.011588438658018433, 9.926371057205208E-79, 0.0, 0.0, 6.105917426549276E-7, 0.7262394669802077, 0.25636335924408127, 0.0035117458321157406, 8.538192230801864E-5, 9.100884243712572E-7, 0.0
4.83086171440692E-5, 0.0011418427090772617, 0.004470863181636007, 0.025957457451700645, 5.5256798885109026E-77, 0.0, 0.0, 3.307880789438267E-6, 0.5972957084068197, 0.36109478084851643, 0.009643860521292041, 3.3899646326157737E-4, 4.873919762865072E-6, 0.0
2.8060923655703586E-4, 0.005006858010114349, 0.013133886387633863, 0.07220734359893818, 3.7124627753947493E-75, 0.0, 0.0, 2.251162066722391E-5, 0.2897119341563786, 0.5846263272956804, 0.03328524352104319, 0.0016926117540515201, 3.267441893543481E-5, 0.0
9.544272303209405E-4, 0.012836473049457946, 0.022201240328624607, 0.11804767951147764, 1.4250298289723806E-73, 0.0, 0.0, 9.001088073671566E-5, 0.17529795307573087, 0.598071643398894, 0.06742208207440266, 0.004950279599446015, 1.282108509086516E-4, 0.0
0.0030531933657310774, 0.030787164154226127, 0.03390888453245543, 0.17877923174684426, 5.069606058170039E-72, 0.0, 0.0, 3.4029529794659254E-4, 0.06181237927269675, 0.549775161198487, 0.12747476327745683, 0.013595190105892246, 4.7373704826394623E-4, 0.0
0.01477159909169394, 0.07657742043803195, 0.03662691142873964, 0.2101247624990969, 1.8640091958224357E-49, 0.0, 0.0, 0.002807857918933175, 0.02586713697824809, 0.376043963283853, 0.2084089280429387, 0.045271900991612754, 0.0034995193268516373, 0.0
0.13681277752117116, 0.12692051256471354, 0.04197551632789231, 0.08341075809189084, 4.7560304980455654E-4, 0.0, 0.0, 0.12410425625349389, 0.053858130961972596, 0.039829961800119655, 0.12257162091216754, 0.14451719930276488, 0.1255236632140082, 0.0
# END