# numStates:
8
# numObservations:
14
# defaultProbability:
8.304485806457601E-7
# Quantizer: Radius
0.6089285714285716
# Quantizer: MAP
0.6089285714285716, 0.0, 0.0
0.4456, -0.0388, 1.0656000000000003
-0.005522388059701492, 0.06298507462686567, 1.0932835820895521
-0.5247058823529412, 0.04205882352941177, 1.0494117647058823
-0.6089285714285716, 0.0, 0.0
-0.43057752211538003, 0.0, -0.4305775221153799
0.0, 0.0, -0.6089285714285716
0.43057752211537986, 0.0, -0.43057752211538003
0.0, 0.6089285714285716, 0.0
0.0606060606060606, 0.5839393939393939, 1.0596969696969696
-0.004000000000000002, -0.45666666666666683, 1.0603333333333333
0.0, -0.6089285714285716, 0.0
0.0, -0.43057752211538003, -0.4305775221153799
0.0, 0.43057752211537986, -0.43057752211538003
# HMM: PI
1.0, 0.0, 0.0, 0.0, 0.0, 0.0, 0.0, 0.0
# HMM: A
0.3333333333333333, 0.3333333333333333, 0.3333333333333334, 0.0, 0.0, 0.0, 0.0, 0.0
0.0, 0.33333333333333326, 0.3333333333333333, 0.33333333333333337, 0.0, 0.0, 0.0, 0.0
0.0, 0.0, 0.3333333333333334, 0.3333333333333334, 0.3333333333333335, 0.0, 0.0, 0.0
0.0, 0.0, 0.0, 0.3333333333333333, 0.3333333333333333, 0.3333333333333333, 0.0, 0.0
0.0, 0.0, 0.0, 0.0, 0.3333333333333332, 0.3333333333333332, 0.3333333333333333, 0.0
0.0, 0.0, 0.0, 0.0, 0.0, 0.3333333333333333, 0.3333333333333335, 0.3333333333333335
0.0, 0.0, 0.0, 0.0, 0.0, 0.0, 0.5, 0.5
0.0, 0.0, 0.0, 0.0, 0.0, 0.0, 0.0, 1.0
# HMM: B
0.0, 0.008859178968279927, 0.5603923308965947, 0.01124260662740251, 0.0, 0.0, 0.0, 0.0, 0.0, 0.2599220302035544, 0.15958385330416844, 0.0, 0.0, 0.0
0.0, 0.06337272277022189, 0.3142587815857528, 0.06222603794761761, 0.0, 0.0, 0.0, 0.0, 0.0, 0.1556910845378583, 0.40445137315854923, 0.0, 0.0, 0.0
0.0, 0.10081502899113409, 0.34486013894787854, 0.08382834908166671, 0.0, 0.0, 0.0, 0.0, 0.0, 0.12313404356036413, 0.34736243941895684, 0.0, 0.0, 0.0
0.0, 0.190554298334544, 0.39081037984319505, 0.12795343040443916, 0.0, 0.0, 0.0, 0.0, 0.0, 0.06659538052461882, 0.2240865108932028, 0.0, 0.0, 0.0
0.0, 0.22032909877299647, 0.3543683229123401, 0.12741825147935948, 0.0, 0.0, 0.0, 0.0, 0.0, 0.0933869176224795, 0.20449740921282433, 0.0, 0.0, 0.0
0.0, 0.2370988137715611, 0.3157618900717937, 0.1212691121684889, 0.0, 0.0, 0.0, 0.0, 0.0, 0.14087393754320937, 0.1849962464449471, 0.0, 0.0, 0.0
0.0, 0.2097131320920997, 0.2965166106298148, 0.12554197919735355, 0.0, 0.0, 0.0, 0.0, 0.0, 0.20143930974808552, 0.16678896833264634, 0.0, 0.0, 0.0
0.0, 0.14607842539395638, 0.23025820464257024, 0.3059734551862537, 0.0, 0.0, 0.0, 0.0, 0.0, 0.23429391543697548, 0.08339599934024407, 0.0, 0.0, 0.0
# END