# numStates:
8
# numObservations:
14
# defaultProbability:
6.886518539049506E-9
# Quantizer: Radius
0.9621428571428571
# Quantizer: MAP
0.9621428571428571, 0.0, 0.0
0.10629032258064518, 0.06032258064516128, 1.0896774193548393
0.07966666666666669, 0.15216666666666667, 1.6718333333333335
-0.6803377387559139, 0.0, 0.680337738755914
-0.9621428571428571, 0.0, 0.0
-0.6803377387559141, 0.0, -0.6803377387559139
-0.025555555555555554, 0.591111111111111, -0.9811111111111112
0.020999999999999998, 0.05700000000000001, -0.052000000000000005
0.05684210526315789, 0.4205263157894736, -0.11368421052631582
0.14121951219512197, 0.1436585365853659, 0.45024390243902435
0.0, -0.6803377387559139, 0.680337738755914
0.0, -0.9621428571428571, 0.0
0.0, -0.6803377387559141, -0.6803377387559139
0.015454545454545455, 0.5559090909090909, -0.5154545454545455
# HMM: PI
1.0, 0.0, 0.0, 0.0, 0.0, 0.0, 0.0, 0.0
# HMM: A
0.33333333333333326, 0.3333333333333333, 0.3333333333333333, 0.0, 0.0, 0.0, 0.0, 0.0
0.0, 0.33333333333333326, 0.3333333333333333, 0.3333333333333333, 0.0, 0.0, 0.0, 0.0
0.0, 0.0, 0.3333333333333333, 0.33333333333333337, 0.33333333333333337, 0.0, 0.0, 0.0
0.0, 0.0, 0.0, 0.33333333333333326, 0.3333333333333333, 0.3333333333333333, 0.0, 0.0
0.0, 0.0, 0.0, 0.0, 0.3333333333333332, 0.3333333333333332, 0.3333333333333333, 0.0
0.0, 0.0, 0.0, 0.0, 0.0, 0.33333333333333337, 0.3333333333333334, 0.3333333333333334
0.0, 0.0, 0.0, 0.0, 0.0, 0.0, 0.5, 0.5
0.0, 0.0, 0.0, 0.0, 0.0, 0.0, 0.0, 1.0
# HMM: B
0.0, 0.6878358778179118, 0.30746708261803446, 0.0, 0.0, 0.0, 4.7579601714805646E-5, 5.516008063207977E-4, 3.267849481240983E-4, 0.0034995747856795905, 0.0, 0.0, 0.0, 2.714994222144278E-4
0.0, 0.12119174029731984, 0.8301369541887106, 0.0, 0.0, 0.0, 7.435547640738903E-4, 0.006430700313150978, 0.003872076218987822, 0.033906662758367775, 0.0, 0.0, 0.0, 0.00371831145938903
0.0, 0.1688537890582626, 0.7275552090098362, 0.0, 0.0, 0.0, 0.0022088365712479518, 0.014837058507063289, 0.009266933307351842, 0.06738465044230366, 0.0, 0.0, 0.0, 0.009893523103934352
0.0, 0.26872957237460665, 0.4558173818578922, 0.0, 0.0, 0.0, 0.008246592629732279, 0.042367886418042136, 0.028155163842192268, 0.16359589205966524, 0.0, 0.0, 0.0, 0.033087510817869
0.0, 0.2678049764632404, 0.29472028564038927, 0.0, 0.0, 0.0, 0.018022124839985262, 0.070378319248927, 0.05131167203185961, 0.23273503099771817, 0.0, 0.0, 0.0, 0.06502759077788026
0.0, 0.23095622149271233, 0.11426832782439884, 0.0, 0.0, 0.0, 0.03676554397103623, 0.10690340286998805, 0.08901838688739519, 0.30268353910703916, 0.0, 0.0, 0.0, 0.11940457784743036
0.0, 0.147891155045601, 0.04285704956098027, 0.0, 0.0, 0.0, 0.06743996531046977, 0.11961532223310581, 0.1359588548250721, 0.299538224614342, 0.0, 0.0, 0.0, 0.18669942841042908
0.0, 0.17971052860572576, 0.1839104040699148, 0.0, 0.0, 0.0, 0.06701410990613092, 0.04363520182626834, 0.13685472041548852, 0.238480352536731, 0.0, 0.0, 0.0, 0.15039468263974046
# END