# numStates:
8
# numObservations:
14
# defaultProbability:
6.05012632841691E-7
# Quantizer: Radius
0.6035714285714288
# Quantizer: MAP
0.9261538461538465, 0.8738461538461538, 0.44807692307692304
0.5454838709677419, 0.6396774193548388, 0.6025806451612904
-0.04210526315789473, 0.5305263157894737, 0.9573684210526316
-0.5661904761904761, 0.7995238095238095, 0.6414285714285712
-0.6035714285714288, 0.0, 0.0
-0.42678945007330926, 0.0, -0.42678945007330915
0.0, 0.0, -0.6035714285714288
0.4267894500733091, 0.0, -0.42678945007330926
-0.121, 0.9525, 0.263
-0.045454545454545456, 0.7313636363636363, 0.5577272727272727
0.0, -0.42678945007330915, 0.4267894500733092
0.0, -0.6035714285714288, 0.0
0.0, -0.42678945007330926, -0.42678945007330915
0.0, 0.4267894500733091, -0.42678945007330926
# HMM: PI
1.0, 0.0, 0.0, 0.0, 0.0, 0.0, 0.0, 0.0
# HMM: A
0.33333333333333326, 0.33333333333333326, 0.3333333333333333, 0.0, 0.0, 0.0, 0.0, 0.0
0.0, 0.33333333333333326, 0.33333333333333326, 0.33333333333333326, 0.0, 0.0, 0.0, 0.0
0.0, 0.0, 0.33333333333333337, 0.33333333333333337, 0.33333333333333337, 0.0, 0.0, 0.0
0.0, 0.0, 0.0, 0.3333333333333333, 0.33333333333333337, 0.33333333333333337, 0.0, 0.0
0.0, 0.0, 0.0, 0.0, 0.33333333333333326, 0.3333333333333333, 0.33333333333333337, 0.0
0.0, 0.0, 0.0, 0.0, 0.0, 0.3333333333333334, 0.3333333333333335, 0.3333333333333335
0.0, 0.0, 0.0, 0.0, 0.0, 0.0, 0.5000000000000001, 0.5000000000000001
0.0, 0.0, 0.0, 0.0, 0.0, 0.0, 0.0, 1.0
# HMM: B
0.0042897510744788975, 0.02515083985234993, 0.08114234731235129, 0.4878897439414717, 0.0, 0.0, 0.0, 0.0, 1.8114293575557139E-4, 0.4013461748835925, 0.0, 0.0, 0.0, 0.0
0.039459184280721434, 0.1408090803961678, 0.28971616186073706, 0.46571496726064054, 0.0, 0.0, 0.0, 0.0, 0.0023544507276803215, 0.06194615547405258, 0.0, 0.0, 0.0, 0.0
0.07533026508870848, 0.1914529561252318, 0.30012626698205364, 0.35992317889149605, 0.0, 0.0, 0.0, 0.0, 0.00599447370589135, 0.06717285920661867, 0.0, 0.0, 0.0, 0.0
0.17578356367315826, 0.2980069406754455, 0.28769297106390057, 0.1358373125152192, 0.0, 0.0, 0.0, 0.0, 0.019316760013903273, 0.08336245205837338, 0.0, 0.0, 0.0, 0.0
0.24156228535326563, 0.3034918379437531, 0.2047056522281666, 0.11658314437863036, 0.0, 0.0, 0.0, 0.0, 0.037000842005389285, 0.09665623809079495, 0.0, 0.0, 0.0, 0.0
0.3047860855699053, 0.29406498700985084, 0.10481169142465145, 0.11682371082467831, 0.0, 0.0, 0.0, 0.0, 0.06801011460784984, 0.11150341056306463, 0.0, 0.0, 0.0, 0.0
0.2788004469664028, 0.26181162872257324, 0.050836287472414365, 0.16886360229125336, 0.0, 0.0, 0.0, 0.0, 0.11543581849461713, 0.12425221605273923, 0.0, 0.0, 0.0, 0.0
0.11725669271607979, 0.19491468477669696, 0.018217908162928263, 0.29394902327555883, 0.0, 0.0, 0.0, 0.0, 0.24513941817745855, 0.13052227289127769, 0.0, 0.0, 0.0, 0.0
# END