# numStates:
8
# numObservations:
14
# defaultProbability:
8.798295095784385E-4
# Quantizer: Radius
0.3041863692434211
# Quantizer: MAP
0.396435546875, -0.009814453125, -0.23154296875
0.2150922444365381, 0.0, 0.21509224443653807
0.0, 0.0, 0.3041863692434211
-0.21509224443653807, 0.0, 0.2150922444365381
-0.3041863692434211, 0.0, 0.0
-0.21509224443653815, 0.0, -0.21509224443653807
0.034327915736607144, -0.008065359933035714, -0.5560041155133929
0.24387613932291666, -0.00103759765625, -0.428466796875
0.0, 0.3041863692434211, 0.0
0.0, 0.2150922444365381, 0.21509224443653807
0.0, -0.21509224443653807, 0.2150922444365381
0.0, -0.3041863692434211, 0.0
0.0, -0.21509224443653815, -0.21509224443653807
0.01133404356060606, 0.2391986268939394, -0.4024029356060606
# HMM: PI
1.0, 0.0, 0.0, 0.0, 0.0, 0.0, 0.0, 0.0
# HMM: A
0.33333333333333315, 0.33333333333333315, 0.33333333333333337, 0.0, 0.0, 0.0, 0.0, 0.0
0.0, 0.33333333333333337, 0.33333333333333337, 0.33333333333333337, 0.0, 0.0, 0.0, 0.0
0.0, 0.0, 0.3333333333333335, 0.3333333333333335, 0.3333333333333335, 0.0, 0.0, 0.0
0.0, 0.0, 0.0, 0.3333333333333332, 0.33333333333333326, 0.33333333333333326, 0.0, 0.0
0.0, 0.0, 0.0, 0.0, 0.3333333333333335, 0.3333333333333335, 0.3333333333333335, 0.0
0.0, 0.0, 0.0, 0.0, 0.0, 0.3333333333333332, 0.3333333333333332, 0.3333333333333332
0.0, 0.0, 0.0, 0.0, 0.0, 0.0, 0.5, 0.5
0.0, 0.0, 0.0, 0.0, 0.0, 0.0, 0.0, 1.0000000000000002
# HMM: B
0.04680427594619754, 0.0, 0.0, 0.0, 0.0, 0.0, 0.7181952425283296, 0.21841995441558845, 1.4445764180925168E-4, 0.0, 0.0, 0.0, 0.0, 0.016436069468074858
0.16483622973060275, 0.0, 0.0, 0.0, 0.0, 0.0, 0.24972543445959036, 0.47096065637315065, 0.001453582272756638, 0.0, 0.0, 0.0, 0.0, 0.11302409716389948
0.15897592463363583, 0.0, 0.0, 0.0, 0.0, 0.0, 0.3136339846475926, 0.3497470341939987, 0.0029439986043265885, 0.0, 0.0, 0.0, 0.0, 0.1746990579204467
0.12058888398764893, 0.0, 0.0, 0.0, 0.0, 0.0, 0.4519188354653728, 0.09379135421261582, 0.007443758270842523, 0.0, 0.0, 0.0, 0.0, 0.3262571680635201
0.05978023179532039, 0.0, 0.0, 0.0, 0.0, 0.0, 0.4686474961731906, 0.07970697572709386, 0.011070413295429698, 0.0, 0.0, 0.0, 0.0, 0.38079488300896575
0.0, 0.0, 0.0, 0.0, 0.0, 0.0, 0.49820652548803196, 0.050286266124025675, 0.015830861557563632, 0.0, 0.0, 0.0, 0.0, 0.43567634683037865
0.0, 0.0, 0.0, 0.0, 0.0, 0.0, 0.5221075502444326, 0.018772406300923417, 0.017642585551330803, 0.0, 0.0, 0.0, 0.0, 0.4414774579033136
0.0, 0.0, 0.0, 0.0, 0.0, 0.0, 0.5265869523216622, 0.0, 0.015542150569950404, 0.0, 0.0, 0.0, 0.0, 0.4578708971083871
# END