# numStates:
8
# numObservations:
14
# defaultProbability:
0.8060904557889503
# Quantizer: Radius
0.2819310238486842
# Quantizer: MAP
0.2819310238486842, 0.0, 0.0
0.19935533879027084, 0.0, 0.19935533879027081
0.0, 0.0, 0.2819310238486842
-0.19935533879027081, 0.0, 0.19935533879027084
-0.2819310238486842, 0.0, 0.0
-0.19935533879027087, 0.0, -0.19935533879027081
-0.013811383928571428, -0.020577566964285716, -0.5456891741071429
0.1993553387902708, 0.0, -0.19935533879027087
0.0, 0.2819310238486842, 0.0
0.0, 0.19935533879027084, 0.19935533879027081
0.0, -0.19935533879027081, 0.19935533879027084
0.0, -0.2819310238486842, 0.0
0.0, -0.19935533879027087, -0.19935533879027081
0.0, 0.1993553387902708, -0.19935533879027087
# HMM: PI
1.0, 0.0, 0.0, 0.0, 0.0, 0.0, 0.0, 0.0
# HMM: A
0.33333333333333304, 0.33333333333333304, 0.3333333333333333, 0.0, 0.0, 0.0, 0.0, 0.0
0.0, 0.33333333333333337, 0.33333333333333337, 0.33333333333333337, 0.0, 0.0, 0.0, 0.0
0.0, 0.0, 0.33333333333333354, 0.33333333333333354, 0.33333333333333354, 0.0, 0.0, 0.0
0.0, 0.0, 0.0, 0.33333333333333326, 0.33333333333333326, 0.33333333333333326, 0.0, 0.0
0.0, 0.0, 0.0, 0.0, 0.3333333333333334, 0.3333333333333334, 0.3333333333333334, 0.0
0.0, 0.0, 0.0, 0.0, 0.0, 0.33333333333333315, 0.33333333333333315, 0.33333333333333315
0.0, 0.0, 0.0, 0.0, 0.0, 0.0, 0.5, 0.5
0.0, 0.0, 0.0, 0.0, 0.0, 0.0, 0.0, 1.0
# HMM: B
0.0, 0.0, 0.0, 0.0, 0.0, 0.0, 0.976597486396687, 0.0, 0.0, 0.0, 0.0, 0.0, 0.011701256801656467, 0.011701256801656467
0.0, 0.0, 0.0, 0.0, 0.0, 0.0, 0.9528932829310847, 0.0, 0.0, 0.0, 0.0, 0.0, 0.02355335853445769, 0.02355335853445769
0.0, 0.0, 0.0, 0.0, 0.0, 0.0, 0.9681853888452475, 0.0, 0.0, 0.0, 0.0, 0.0, 0.015907305577376286, 0.015907305577376286
0.0, 0.0, 0.0, 0.0, 0.0, 0.0, 1.0, 0.0, 0.0, 0.0, 0.0, 0.0, 0.0, 0.0
0.0, 0.0, 0.0, 0.0, 0.0, 0.0, 1.0, 0.0, 0.0, 0.0, 0.0, 0.0, 0.0, 0.0
0.0, 0.0, 0.0, 0.0, 0.0, 0.0, 1.0, 0.0, 0.0, 0.0, 0.0, 0.0, 0.0, 0.0
0.0, 0.0, 0.0, 0.0, 0.0, 0.0, 1.0, 0.0, 0.0, 0.0, 0.0, 0.0, 0.0, 0.0
0.0, 0.0, 0.0, 0.0, 0.0, 0.0, 1.0, 0.0, 0.0, 0.0, 0.0, 0.0, 0.0, 0.0
# END