# numStates:
8
# numObservations:
14
# defaultProbability:
2.122963620312842E-31
# Quantizer: Radius
0.9707142857142856
# Quantizer: MAP
0.24436363636363642, 0.11163636363636362, -0.21418181818181828
0.439, 0.19399999999999995, 1.2464
0.05444444444444445, 0.10749999999999998, 1.7627777777777778
0.15766666666666676, 0.2051666666666667, 0.7298333333333332
-0.41789473684210526, -0.17473684210526316, -0.31894736842105265
-0.8070000000000002, -0.5105, -1.0470000000000002
0.13000000000000003, -0.20333333333333337, -1.3814583333333335
0.9226829268292684, 0.17731707317073175, -1.1153658536585365
0.1384615384615385, 0.12015384615384615, 0.24907692307692303
-0.07616666666666667, 0.2736666666666668, 1.159
0.4505882352941178, -0.3750980392156862, 1.6339215686274506
0.23342857142857143, -0.2642857142857142, 0.6834285714285714
-0.22825, -0.6475, -1.6857499999999999
0.31653061224489804, 0.09367346938775512, -0.7340816326530614
# HMM: PI
1.0, 0.0, 0.0, 0.0, 0.0, 0.0, 0.0, 0.0
# HMM: A
0.33333333333333337, 0.33333333333333337, 0.33333333333333337, 0.0, 0.0, 0.0, 0.0, 0.0
0.0, 0.3333333333333334, 0.3333333333333334, 0.3333333333333334, 0.0, 0.0, 0.0, 0.0
0.0, 0.0, 0.33333333333333326, 0.33333333333333326, 0.3333333333333333, 0.0, 0.0, 0.0
0.0, 0.0, 0.0, 0.33333333333333337, 0.33333333333333337, 0.33333333333333337, 0.0, 0.0
0.0, 0.0, 0.0, 0.0, 0.3333333333333333, 0.3333333333333333, 0.3333333333333333, 0.0
0.0, 0.0, 0.0, 0.0, 0.0, 0.3333333333333332, 0.3333333333333332, 0.3333333333333332
0.0, 0.0, 0.0, 0.0, 0.0, 0.0, 0.4999999999999999, 0.4999999999999999
0.0, 0.0, 0.0, 0.0, 0.0, 0.0, 0.0, 1.0
# HMM: B
0.00595464902294423, 0.04938304134987715, 0.029198601144079284, 0.20534121931830965, 0.003592659020369163, 9.129416119091391E-4, 6.865751688726801E-4, 6.149368938255484E-11, 0.02945028316220707, 0.6349424120876889, 0.01822457893284246, 0.021381758496052557, 3.1798005762671415E-4, 6.133005657273889E-4
0.03740986811985662, 0.10582756238032259, 0.09328064363814423, 0.29253978138473186, 0.027236495214713517, 0.008401894304564205, 0.0077541509170755115, 2.3987901837555395E-9, 0.14191053467598852, 0.1747121485753854, 0.04703131891374896, 0.05517453328079262, 0.0036439299736555322, 0.005077136222230365
0.05256026405906504, 0.07763263058422767, 0.0932879609216539, 0.25293130645253614, 0.045902353068749555, 0.016326221124148273, 0.017586570546377273, 1.642725802222345E-8, 0.17237952775300172, 0.16385480190701282, 0.04311278819101627, 0.0470602967396746, 0.008469503630462321, 0.008895758594816406
0.08180902284796301, 0.01991783147475452, 0.08752976315804989, 0.15526166119303023, 0.09433082461579533, 0.03957895488968068, 0.04988429260665701, 1.3992509587683382E-7, 0.22338503940609072, 0.14064442024329238, 0.03480926648476822, 0.029020797586989323, 0.02500858345113421, 0.0188194021166987
0.07636202730556294, 0.015903099299928974, 0.07284955412037132, 0.11420460836633643, 0.12009100346351147, 0.058680109132894016, 0.08396601643648073, 6.954782161608017E-7, 0.19671364430020422, 0.13509113618217142, 0.031664414402075874, 0.02562546326629384, 0.044665151955179706, 0.024183076290772886
0.063087935754401, 0.009559548895048729, 0.05334697496558383, 0.0778168609807344, 0.1454900896989042, 0.08424840240421053, 0.13300243806929002, 3.251887620168354E-6, 0.15808752931801623, 0.12175633883734653, 0.022492716883333125, 0.024070893210881256, 0.07691611963934625, 0.03012089945528364
0.052915895018994887, 0.008004411412816527, 0.03306273782716333, 0.07323109570945753, 0.14419959684663491, 0.10945927227001774, 0.17798945436018176, 5.694397923954043E-5, 0.11784840282806838, 0.08950889971778161, 0.009678676309297515, 0.022826720519661666, 0.12400061360309607, 0.03721727959758834
0.09774193122760642, 0.09033937974646256, 0.05788156934610395, 0.07386967761503607, 0.020145860840150943, 0.02964684224848001, 0.07994349403446759, 0.08077103307102242, 0.09852142033190808, 0.05140497047919125, 0.0946393526631357, 0.06248782699010607, 0.06985076943128804, 0.09275587197504088
# END