# numStates:
8
# numObservations:
14
# defaultProbability:
2.249909959294584E-5
# Quantizer: Radius
0.6139285714285714
# Quantizer: MAP
0.6139285714285714, 0.0, 0.0
0.5762500000000002, 0.713125, 0.57625
-0.043333333333333335, 0.6208333333333335, 1.0520833333333335
-0.009666666666666676, 0.683, 0.5963333333333335
-0.6139285714285714, 0.0, 0.0
-0.4341130560213126, 0.0, -0.4341130560213125
0.0, 0.0, -0.6139285714285714
0.43411305602131245, 0.0, -0.4341130560213126
0.16608695652173913, 0.5943478260869566, 0.15391304347826087
0.37275862068965526, 0.845172413793103, 1.0713793103448275
0.0, -0.4341130560213125, 0.43411305602131256
0.0, -0.6139285714285714, 0.0
0.0, -0.4341130560213126, -0.4341130560213125
0.0, 0.43411305602131245, -0.4341130560213126
# HMM: PI
1.0, 0.0, 0.0, 0.0, 0.0, 0.0, 0.0, 0.0
# HMM: A
0.33333333333333315, 0.33333333333333315, 0.33333333333333326, 0.0, 0.0, 0.0, 0.0, 0.0
0.0, 0.3333333333333333, 0.3333333333333333, 0.33333333333333337, 0.0, 0.0, 0.0, 0.0
0.0, 0.0, 0.3333333333333334, 0.3333333333333334, 0.3333333333333334, 0.0, 0.0, 0.0
0.0, 0.0, 0.0, 0.3333333333333333, 0.3333333333333333, 0.3333333333333333, 0.0, 0.0
0.0, 0.0, 0.0, 0.0, 0.33333333333333337, 0.33333333333333337, 0.33333333333333337, 0.0
0.0, 0.0, 0.0, 0.0, 0.0, 0.33333333333333337, 0.33333333333333337, 0.33333333333333337
0.0, 0.0, 0.0, 0.0, 0.0, 0.0, 0.5, 0.5
0.0, 0.0, 0.0, 0.0, 0.0, 0.0, 0.0, 1.0
# HMM: B
0.0, 0.06291888857251404, 0.4026097428571658, 0.3844180105651268, 0.0, 0.0, 0.0, 0.0, 0.017314128215697007, 0.13273922978949598, 0.0, 0.0, 0.0, 0.0
0.0, 0.24310109543936553, 0.24885591580964897, 0.03170412291195529, 0.0, 0.0, 0.0, 0.0, 0.12076381278298577, 0.3555750530560443, 0.0, 0.0, 0.0, 0.0
0.0, 0.2583653408158185, 0.1816658821073734, 0.06193597343877231, 0.0, 0.0, 0.0, 0.0, 0.18650913150916956, 0.31152367212886634, 0.0, 0.0, 0.0, 0.0
0.0, 0.2580544866488733, 0.048127046681499, 0.15109607239044323, 0.0, 0.0, 0.0, 0.0, 0.33905764827967716, 0.20366474599950743, 0.0, 0.0, 0.0, 0.0
0.0, 0.17988837641951863, 0.06138134180845704, 0.22111158482229373, 0.0, 0.0, 0.0, 0.0, 0.37107864036277666, 0.16654005658695398, 0.0, 0.0, 0.0, 0.0
0.0, 0.08550004112556092, 0.0896948483380704, 0.3116814871002825, 0.0, 0.0, 0.0, 0.0, 0.3675391378254632, 0.1455844856106232, 0.0, 0.0, 0.0, 0.0
0.0, 0.03908497490816685, 0.13235369112662126, 0.35850550681363236, 0.0, 0.0, 0.0, 0.0, 0.2714686741017468, 0.19858715304983293, 0.0, 0.0, 0.0, 0.0
0.0, 0.0062471974634685816, 0.17999925150390472, 0.35371446096910863, 0.0, 0.0, 0.0, 0.0, 0.12167573948524223, 0.33836335057827566, 0.0, 0.0, 0.0, 0.0
# END