# numStates:
8
# numObservations:
14
# defaultProbability:
1.62079974020587E-4
# Quantizer: Radius
0.6471428571428571
# Quantizer: MAP
0.6471428571428571, 0.0, 0.0
0.30074074074074075, 1.037037037037037, 1.104814814814815
0.2830769230769231, 0.4607692307692309, 0.9988461538461539
-0.4575991026821514, 0.0, 0.4575991026821515
-0.6471428571428571, 0.0, 0.0
-0.45759910268215154, 0.0, -0.4575991026821514
0.0, 0.0, -0.6471428571428571
0.45759910268215137, 0.0, -0.45759910268215154
0.07516129032258065, 0.6951612903225808, 0.34500000000000003
-0.06833333333333333, 0.7456249999999999, 0.7993750000000001
0.0, -0.4575991026821514, 0.4575991026821515
0.0, -0.6471428571428571, 0.0
0.0, -0.45759910268215154, -0.4575991026821514
0.0, 0.45759910268215137, -0.45759910268215154
# HMM: PI
1.0, 0.0, 0.0, 0.0, 0.0, 0.0, 0.0, 0.0
# HMM: A
0.3333333333333333, 0.3333333333333333, 0.33333333333333337, 0.0, 0.0, 0.0, 0.0, 0.0
0.0, 0.3333333333333333, 0.3333333333333333, 0.3333333333333333, 0.0, 0.0, 0.0, 0.0
0.0, 0.0, 0.3333333333333333, 0.3333333333333333, 0.33333333333333337, 0.0, 0.0, 0.0
0.0, 0.0, 0.0, 0.33333333333333337, 0.33333333333333337, 0.33333333333333337, 0.0, 0.0
0.0, 0.0, 0.0, 0.0, 0.3333333333333333, 0.3333333333333333, 0.3333333333333333, 0.0
0.0, 0.0, 0.0, 0.0, 0.0, 0.33333333333333326, 0.33333333333333326, 0.33333333333333326
0.0, 0.0, 0.0, 0.0, 0.0, 0.0, 0.5000000000000001, 0.5000000000000001
0.0, 0.0, 0.0, 0.0, 0.0, 0.0, 0.0, 1.0
# HMM: B
0.0, 0.024256680002160788, 0.18256006512382073, 6.533224327465849E-5, 0.0, 0.0, 0.0, 0.0, 0.02525545106150767, 0.7678624715692363, 0.0, 0.0, 0.0, 0.0
0.0, 0.11740701627610514, 0.4958154280673448, 7.858997626992077E-4, 0.0, 0.0, 0.0, 0.0, 0.15262071176336772, 0.23337094413048298, 0.0, 0.0, 0.0, 0.0
0.0, 0.1412998921434602, 0.4339163941004182, 0.001842967223645004, 0.0, 0.0, 0.0, 0.0, 0.22598121374869787, 0.19695953278377867, 0.0, 0.0, 0.0, 0.0
0.0, 0.1791538976349334, 0.2713248896763943, 0.0053756086978548594, 0.0, 0.0, 0.0, 0.0, 0.4074347556876472, 0.13671084830317018, 0.0, 0.0, 0.0, 0.0
0.0, 0.15224549033999477, 0.18474280844836688, 0.009102291657127563, 0.0, 0.0, 0.0, 0.0, 0.4851650012771455, 0.1687444082773652, 0.0, 0.0, 0.0, 0.0
0.0, 0.11984513940458977, 0.09497392004446324, 0.014319960820425645, 0.0, 0.0, 0.0, 0.0, 0.5692575992825715, 0.2016033804479501, 0.0, 0.0, 0.0, 0.0
0.0, 0.11506788705188915, 0.06653639156561517, 0.016720615236034683, 0.0, 0.0, 0.0, 0.0, 0.5900622293048788, 0.21161287684158217, 0.0, 0.0, 0.0, 0.0
0.0, 0.2601846906028092, 0.02173483841044067, 0.006883271617672872, 0.0, 0.0, 0.0, 0.0, 0.46494436178196447, 0.24625283758711275, 0.0, 0.0, 0.0, 0.0
# END